0 0.2444953173777315 0.689655172413793 0.09706555671175857 0.030344827586206977
0 0.4198543184183141 0.5275862068965517 0.09248699271592095 0.020689655172413807
0 0.49723204994797077 0.49034482758620684 0.10072840790842875 0.02344827586206897
0 0.48532778355879286 0.41999999999999993 0.0988969823100937 0.02896551724137936
0 0.48670135275754417 0.33724137931034476 0.09614984391259107 0.020689655172413807
0 0.44915712799167523 0.2958620689655172 0.09248699271592095 0.023448275862069004
1 0.5448491155046825 0.2668965517241379 0.09340270551508852 0.02344827586206897
1 0.8044536940686783 0.049655172413793094 0.08699271592091563 0.019310344827586198
1 0.5622476586888656 0.3186206896551724 0.09157127991675332 0.024827586206896513
1 0.5311134235171696 0.3717241379310344 0.09157127991675332 0.02344827586206897
