1 0.37913296948647973 0.1413793103448276 0.0894269412056562 0.02344827586206897
1 0.3982293475564376 0.1275862068965517 0.08476928801786159 0.02068965517241379
1 0.4424770528404862 0.007586206896551723 0.0894269412056562 0.015172413793103447
1 0.4583130736789879 0.31931034482758625 0.08383775738030273 0.02344827586206897
1 0.3977635822376581 0.3420689655172414 0.08197469610518482 0.022068965517241353
1 0.43735363433391217 0.3744827586206897 0.07731704291739028 0.023448275862068896
1 0.4955742991813446 0.5344827586206896 0.07452245100471351 0.02620689655172413
0 0.2347457206648474 0.8379310344827587 0.08011163483006695 0.017931034482758578
0 0.4038185313817911 0.7551724137931035 0.0810431654676259 0.020689655172413664
0 0.41872302158273383 0.48482758620689653 0.08476928801786165 0.02620689655172413
0 0.5146706772513023 0.463448275862069 0.08104316546762597 0.016551724137930962
0 0.46110766559166455 0.4586206896551724 0.08570081865542051 0.02344827586206897
