1 0.14335517459751712 0.020583190394511154 0.08833778326549706 0.03430531732418525
1 0.1724136559348517 0.2770154373927959 0.09066246177248383 0.025728987993138937
1 0.197597673093875 0.3739279588336193 0.08368842625152353 0.03430531732418522
1 0.25958909994685536 0.5660377358490566 0.08833778326549702 0.03430531732418515
1 0.24021677905529898 0.7255574614065179 0.0836884262515235 0.027444253859348323
1 0.24641592174059704 0.8464837049742711 0.08213864058019901 0.03259005145797602
0 0.3149939376967066 0.7941680960548885 0.0844633190871857 0.03773584905660371
0 0.6280506433042575 0.21612349914236706 0.08601310475851022 0.037735849056603786
0 0.6671827315052014 0.31303602058319036 0.08523821192284792 0.02915951972555746
0 0.6819056953827842 0.4005145797598628 0.08368842625152353 0.025728987993138972
