0 0.3247485786014915 0.5924137931034481 0.10396071771394816 0.028965517241379288
0 0.07308129661079525 0.8055172413793101 0.10499003175071993 0.02206896551724128
1 0.49612936572399025 0.36896551724137927 0.10499003175071983 0.02620689655172413
1 0.7503699328066159 0.3303448275862068 0.0988141475300894 0.023448275862068896
1 0.7133146274828325 0.1255172413793103 0.09675551945654576 0.02206896551724137
0 0.6664808388097171 0.12206896551724135 0.08337443697851285 0.02068965517241379
1 0.9171188067636415 0.44551724137931026 0.10087277560363277 0.01931034482758619
0 0.5532562947648231 0.3999999999999999 0.10190208964040458 0.022068965517241423
0 0.5599468360038397 0.4689655172413792 0.09881414753008932 0.019310344827586264
1 0.6304548475227054 0.4186206896551724 0.09778483349331758 0.02344827586206897
