0 0.15988505747126436 0.7 0.08014089729328884 0.020689655172413664
0 0.190037078235076 0.7586206896551724 0.07696700037078236 0.024827586206896655
1 0.5689210233592881 0.4310344827586207 0.08252131998516866 0.020689655172413807
1 0.5851872450871338 0.37241379310344835 0.0769670003707823 0.01931034482758619
1 0.637556544308491 0.2737931034482759 0.08172784575454209 0.03448275862068968
1 0.7486429365962181 0.10758620689655173 0.08014089729328887 0.022068965517241388
1 0.5062365591397849 0.3331034482758621 0.08093437152391544 0.02344827586206897
1 0.5320244716351502 0.3931034482758621 0.07855394883203559 0.022068965517241353
0 0.5344048943270301 0.47448275862068967 0.0801408972932888 0.03310344827586206
0 0.4780682239525399 0.5 0.0833147942157953 0.02620689655172413
0 0.5526548016314423 0.5475862068965517 0.08172784575454202 0.03310344827586206
